-0.962608
-3.15504
-0.376491
-0.404632
0.168255
1.18549
0.499606
0.661812
2.19225
1.69131
0.395365
0.521032
0.00141787
-2.54745
-0.469047
-1.21437
1.37785
-2.10666
-3.57651
3.24554
-2.16633
0.00141787
3.82541
-1.8411
-1.06957
0.00141787
0.00141787
-0.42152
1.48506
0.453254
1.92257
-0.0812921
0.655713
0.573608
0.00141787
0.00141787
2.58957
0.00141787
2.03354
1.05505
1.09545
0.721426
0.00141787
0.0805747
0.191329
-1.01546
-0.36035
0.167826
0.217985
1.15186
0.00141787
1.62545
1.19562
1.43886
-0.254708
-0.219561
-0.288283
1.35243
-0.338162
3.08951
-0.521874
0.909681
1.40208
0.0904043
0.916671
0.229972
1.40439
0.346685
-0.114638
1.87088
0.745247
-0.704723
0.737653
0.119019
1.55736
0.00141787
0.256911
-0.0947209
0.00141787
0.580102
0.00141787
0.00141787
0.0337695
-0.266926
0.364448
0.0558644
-2.28455
0.252283
-1.51862
0.810348
0.00141787
0.00141787
1.72544
0.766181
0.00141787
0.8537
0.00141787
2.38654
-1.02268
0.0256077
-0.140968
-1.20927
0.711559
0.00141787
0.960384
0.616107
0.312438
-1.22088
-0.381981
0.31509
-0.375834
1.77406
1.03615
-0.0665751
-0.815275
1.37081
0.917196
-0.637555
-1.31307
0.00141787
-0.147773
0.466692
0.00141787
0.00141787
-0.38178
0.00141787
0.00141787
0.306981
0.00141787
0.332359
0.00141787
1.51332
0.464143
0.53537
0.838746
-1.08661
-0.730246
1.3908
0.653885
0.546108
-0.894789
-0.106823
-0.0766277
0.42852
1.14765
2.34278
2.41041
-0.525078
1.11246
-1.23586
-1.30143
0.867644
-1.04634
0.143021
-2.63477
2.70856
-2.23674
0.536102
0.804474
2.18405
-0.365331
-1.18722
0.0759829
-1.08702
-1.35859
2.02764
0.385631
1.37551
0.552112
1.13154
-2.44282
-0.216198
0.00141787
0.00141787
-1.76334
1.69595
0.89542
0.890445
0.00141787
0.00141787
-2.10711
0.483441
-2.20295
-0.877261
0.00141787
-0.525942
0.00141787
0.360213
2.71713
-3.03278
2.02136
1.78445
0.00141787
0.00141787
-0.159939
0.570937
2.53679
-2.86258
-2.19475
-2.53478
0.00141787
1.68781
0.404396
-0.452916
-2.24603
0.260948
1.5305
0.947397
2.51558
0.00141787
-1.31914
0.940642
1.10678
0.316469
0.00141787
0.00141787
0.00141787
-0.518669
0.325785
-0.178484
-1.07579
1.19785
1.58857
0.00141787
-0.670946
-0.692219
-1.10616
-1.28419
-1.48836
0.00141787
0.0234361
2.36852
-0.564868
-0.357064
0.898471
-1.25549
0.636777
2.87898
1.05753
0.234595
0.308807
2.38777
-0.386445
-2.59788
-0.312083
-1.29722
0.263893
-1.35341
1.88635
0.00141787
-0.739938
0.982287
2.18466
-1.51574
-0.852522
1.42075
0.00141787
0.382545
1.74345
-0.811158
-0.566844
0.00141787
1.19403
0.00141787
1.73936
0.00141787
1.77072
-0.137869
0.00141787
0.191613
-0.68042
-1.66519
-0.344427
-1.49853
-0.715976
-0.0236362
-0.0377421
1.402
-0.571728
-1.14345
-2.07044
0.244457
0.00141787
1.58942
0.263429
3.6067
-2.70427
-1.66684
1.06581
-2.94232
1.32242
0.0275052
0.00141787
0.596733
-0.0984106
-0.178939
-1.15615
-0.182305
0.99005
-0.486724
1.36227
-1.49078
-0.815446
-1.28237
0.756824
0.157174
0.00555523
-1.06532
0.00141787
2.21099
0.477512
0.559868
-0.388325
-1.82907
1.01082
-0.0428954
-1.14329
0.835198
-2.54749
0.00141787
2.20153
0.985746
0.901073
-0.912654
1.07973
0.265303
1.45701
2.67026
0.0663928
2.21465
-1.53857
-1.16923
0.00141787
0.00141787
4.61379
-1.23474
0.0732327
-0.0410949
0.551681
2.17422
1.99752
0.961054
-1.509
-0.144067
-0.485544
-1.95447
-0.0942154
-0.857259
0.00141787
-0.71222
1.41692
1.33627
-2.04025
0.958218
0.00141787
1.36587
0.0760733
1.44603
-1.14004
0.882568
-0.0952155
0.910646
-0.347967
-0.245569
-2.57817
0.380152
0.744388
0.151492
-1.94006
-0.621968
-0.894889
-0.789113
0.951981
-0.0510554
0.00141787
-0.995071
-0.310534
-0.320961
-0.764142
-0.923022
0.902638
0.787777
-0.670456
0.00141787
-0.335334
-0.202417
0.00141787
0.936927
0.00141787
-0.505151
0.678145
1.08391
1.11126
-0.274681
0.00141787
1.25713
0.135317
0.0872106
-3.0075
4.11118
0.280485
1.14912
0.00141787
1.28975
-0.00682952
1.1572
-1.28735
-0.161628
0.00141787
-1.34005
0.00141787
0.0625962
1.72298
1.30865
4.7304
3.04313
0.00141787
1.13628
0.0812037
2.90647
-0.0593001
0.00141787
-0.633237
-1.9876
1.04204
0.00141787
0.00141787
1.26899
-0.873748
1.58987
-1.64413
0.43931
0.420075
0.00141787
-1.21965
-0.274251
-1.09853
1.14881
0.415659
0.00141787
-0.964697
0.00141787
0.475058
1.19548
0.534636
0.324301
0.815468
0.183755
-1.317
-1.53967
-3.95161
0.0168937
-0.819033
-1.26827
-0.428618
1.02844
1.00167
-0.908673
0.00141787
0.459124
0.263657
0.0275267
-0.233849
0.00141787
-0.0517141
0.387434
-0.654008
0.819745
0.00141787
0.00141787
0.877854
0.964581
-0.184567
0.149064
0.082831
-0.044244
-0.184874
0.704963
-1.22435
1.25882
-1.05399
-0.606978
0.606468
2.5302
2.6889
0.00141787
1.35862
0.833125
-0.246573
0.00141787
0.00141787
0.00141787
0.00141787
-0.0367191
-1.08724
0.114801
0.00141787
2.95384
2.59464
1.76375
1.17131
-1.06818
2.64748
2.07128
-0.00559651
0.515358
-0.434255
2.82554
0.29903
-2.69287
-3.748
1.38823
0.00141787
0.33291
3.28295
-0.990499
2.08393
-1.73813
-1.12444
0.00141787
0.00141787
-0.218527
0.343335
1.18243
0.178323
0.896285
0.255206
1.22972
0.719085
-0.721766
-0.571035
1.8357
-1.41111
2.09762
0.00141787
1.10964
1.04421
-0.790075
0.00141787
0.00141787
0.421495
0.084119
-1.91104
2.08942
0.00141787
-0.252979
-0.457861
-0.836213
-1.35281
-0.10787
0.00141787
0.596047
1.64191
1.17539
0.163789
-2.44238
1.42011
-1.2166
2.18222
0.0144801
1.33728
0.672149
1.30606
-2.24317
2.28807
-1.93967
2.5123
2.52645
0.891861
0.419181
-0.944344
0.00141787
-0.937714
-0.849249
1.8612
0.552033
-0.379135
-0.690372
0.0898504
-0.247049
0.57238
-0.281828
-1.93242
-2.33131
0.00141787
1.05757
0.00141787
0.603155
-0.128853
0.548887
-2.48809
2.02191
0.134156
-0.74155
0.0957479
-1.65297
0.46296
0.615233
1.13415
-0.490698
-0.276006
0.465208
-1.23648
-1.6968
-0.872431
-0.502125
0.00141787
0.420074
-0.110832
-0.960171
1.04936
1.08939
-0.708347
0.431769
-0.150221
0.00141787
0.00141787
1.18192
1.29875
-0.715824
-0.630704
0.427269
-0.642303
0.657658
-0.022977
-0.339817
-0.723906
0.75116
1.578
0.00141787
0.00141787
-0.0574268
-0.160577
-1.92721
0.619352
0.535171
-1.29528
0.00141787
0.0566589
2.21745
2.2275
0.00141787
0.578912
-0.630063
0.773825
-1.73449
1.24466
-0.0319539
0.605032
2.54487
-0.0197654
-4.91762
0.423448
-1.61167
-2.38714
0.674758
1.13023
0.00141787
0.260827
0.00141787
3.17719
1.05555
0.241869
-0.0716471
-1.22406
2.27513
-1.87011
-0.295589
1.59101
1.43496
0.34001
1.9298
-0.746111
1.18811
-1.50891
0.00141787
1.49472
1.39359
0.00141787
1.31376
0.589569
1.49764
0.139661
0.249052
0.546298
0.00141787
-0.765136
-0.464444
0.00141787
0.970303
0.00141787
1.74149
-1.35847
0.00141787
2.4838
-1.64692
-1.14181
-1.17002
1.6343
-1.90141
-0.547029
1.23717
1.44678
0.00141787
0.00141787
-0.0267523
0.717756
1.30768
0.495725
0.716181
-0.450117
1.2218
0.915884
0.738847
2.23575
-0.245074
-1.99373
-2.25299
0.39193
0.00141787
0.00141787
-0.577014
0.48055
0.605506
1.93687
0.00141787
2.14936
2.9613
-2.21742
2.53588
-1.19751
-1.7416
2.31806
0.103005
-0.71319
-2.05887
0.00141787
-1.63159
-0.576902
-0.692836
3.33167
-0.366672
0.00141787
-0.228455
-0.54805
0.00141787
0.377439
2.03511
0.00141787
-1.10496
0.1209
-0.158533
0.356768
1.29113
-2.64458
0.450225
-1.48131
-1.41911
0.585613
0.00141787
-0.917704
0.841713
-0.524626
-0.0476642
0.956826
0.950911
1.49442
0.695918
1.56418
-0.0519985
2.11257
0.520201
1.90521
0.310514
0.00141787
-0.211343
-0.726284
-0.145195
-1.43049
0.00141787
0.797237
-1.03884
1.06662
-0.711123
1.31962
-0.439741
0.00141787
1.29589
-2.74535
-2.14553
1.28138
1.89998
0.00141787
-1.92375
0.0318157
1.36236
3.08389
-3.6944
-0.309599
-0.735134
-0.13253
0.132995
2.4497
0.00141787
0.00141787
-0.246348
-0.731565
-0.323982
0.606228
1.34402
2.49325
0.0796942
2.52371
1.76942
1.86383
-0.249098
-0.295482
1.4462
-0.108848
1.23859
0.00141787
0.137638
-0.474937
0.00141787
0.00141787
0.00141787
1.8768
1.10187
0.53586
1.42106
0.350994
0.483142
-0.45733
2.28444
-0.875008
0.686797
2.91692
2.61544
0.651965
3.39214
-2.31194
-0.333479
0.463207
0.995657
-0.750219
1.56683
0.00141787
0.00141787
4.82675
-2.74764
0.00141787
0.422546
1.25769
-2.17491
1.13574
-0.406654
0.00141787
0.719894
1.28186
0.524127
0.952964
0.331041
0.00141787
0.0333521
-0.668951
-0.00651453
1.44976
0.995981
-1.60939
2.03708
3.48096
-0.430041
-0.549083
0.00141787
2.60886
1.91307
-0.638726
0.00141787
0.00141787
0.00141787
0.00141787
0.00141787
1.05761
1.43077
0.00141787
0.189548
1.09822
0.324317
-0.46648
1.26758
2.84506
0.976719
1.88417
0.118292
2.12724
-0.687421
-0.751347
0.372937
1.56438
-1.18467
2.20951
0.00141787
-0.0591477
1.26347
-1.54827
0.00141787
0.747816
0.0104645
-1.52145
0.626484
-1.40135
1.36755
0.00141787
-0.108979
0.00141787
0.924798
-0.479083
0.00141787
0.00141787
0.00141787
1.14177
-1.89343
1.29638
0.00141787
0.380116
0.00141787
0.00141787
0.00141787
1.22642
1.05079
-0.430906
1.6587
0.00141787
-0.527226
0.00141787
1.09766
1.4162
0.00141787
-0.762687
-0.957304
0.00141787
-0.719052
1.62321
-0.210077
-1.10358
-0.447982
0.874182
-0.121756
-0.850848
0.56202
1.23057
0.00141787
1.56975
0.00141787
-0.623155
0.00141787
0.0101344
0.156964
0.545425
0.00141787
-0.377503
0.710086
-0.869329
-0.149222
0.161462
-1.56148
0.00141787
1.33027
-0.763064
0.00141787
-0.24734
0.00141787
1.57578
0.00141787
0.670766
1.94156
0.921788
-0.404014
1.68689
3.14965
1.07643
2.43623
0.942188
3.15327
2.33911
-0.118705
-0.0939037
0.79817
0.787247
1.44058
0.00141787
-1.2877
-0.287383
0.0359548
-0.95581
-1.20312
-0.726878
1.42976
0.00141787
2.69031
0.00141787
0.749199
0.630757
-0.725727
-1.26956
-0.442353
-0.680721
-2.58255
0.00141787
0.211963
0.00141787
0.00141787
-0.4198
0.0142734
1.48501
-0.035419
2.52198
1.80981
-0.714148
0.202325
0.00141787
0.859624
0.570254
0.00141787
-0.497451
0.00141787
0.00141787
0.972753
2.06442
4.06859
2.52697
1.87096
1.25569
0.97656
1.2069
1.64697
1.38227
0.00141787
0.00141787
0.379174
1.65745
-1.2515
0.86526
0.0446802
-2.15892
-0.707248
0.00141787
1.41264
-1.94388
0.536638
0.269655
0.37847
-0.354426
0.293271
2.3232
2.68301
1.88462
0.00141787
0.00141787
0.00141787
0.547938
1.49474
2.6908
2.15591
-1.04851
0.424115
0.00141787
0.00141787
-0.377946
-0.0305106
0.15977
-1.75419
2.01694
1.36064
0.930074
-0.106778
0.0697178
0.0624314
-0.472577
-0.996657
0.532623
0.00141787
0.00141787
0.00141787
0.00141787
0.00141787
-1.25435
-1.27777
0.824099
-1.99412
1.73333
1.45899
1.11336
0.089544
2.4561
0.486383
1.05904
0.0513579
2.67982
0.00141787
-0.546787
0.125563
0.00141787
1.5271
1.13894
-0.339794
0.576116
2.6351
-0.555953
-1.09801
0.00141787
0.772067
-1.88696
2.7788
0.00141787
-0.542871
0.432133
0.368849
-0.320558
-0.749823
-2.20927
-1.72625
0.278817
0.461109
1.84826
0.00141787
-0.860211
0.108704
1.87644
-0.71326
1.54885
0.646738
0.97695
1.1383
0.0969028
0.482083
0.632627
1.65595
0.00141787
0.533827
-0.465952
0.187895
0.00141787
0.480092
1.38461
-0.308299
-0.414434
1.82051
1.89635
0.686326
0.445453
0.00141787
0.00141787
0.00141787
-0.991815
-1.43938
0.00141787
-0.0336806
0.0484248
-0.3298
-0.435272
0.0806035
-0.0494209
-1.25539
0.866556
0.00141787
4.92424
-3.57197
1.63528
1.97401
1.54059
-0.0510429
0.644116
-0.418406
-0.650517
1.21417
0.158767
0.00141787
2.32906
-2.53572
2.20332
0.62767
0.891309
-1.5475
0.00141787
1.29133
-1.95644
0.197783
0.00141787
-0.695604
-0.551881
0.00141787
0.316883
-0.0435509
0.00141787
-0.584949
-0.974127
-0.044288
0.559103
0.492424
0.00141787
0.00681916
-1.7793
-0.326693
0.368553
-0.242007
0.00141787
1.33637
-0.00203444
1.06822
0.00141787
0.472569
1.55988
2.81864
0.305206
0.641221
0.5438
0.835157
0.749034
-1.25791
0.0398267
2.13736
-0.40108
1.61148
0.238211
0.00141787
0.00141787
-0.0406737
0.550696
0.540049
-0.265268
0.0482165
-0.911727
-1.04736
0.00141787
0.00141787
-2.76021
0.387671
0.761355
0.10294
0.0126389
-0.20268
0.312175
-0.149644
0.00141787
0.964471
-1.03803
0.163776
0.279768
-0.391698
2.63469
0.156904
0.467965
3.67151
0.00141787
0.00141787
-1.34918
0.135528
1.62177
1.19344
1.93821
-0.547272
0.706587
2.27635
1.56836
0.34899
-0.0488823
0.313969
-0.401419
1.4828
1.23121
0.00141787
-0.0898484
2.03947
-0.257684
0.691781
-0.167297
-1.20501
-0.137893
-0.203688
-1.51378
-1.08225
-0.776507
-0.134313
2.47813
0.00141787
0.00141787
0.00141787
2.85931
0.0239146
1.95534
1.13683
-0.433043
0.0500071
0.745843
2.93734
0.00141787
-0.0628937
1.1611
0.00141787
0.681056
-0.513208
-0.816833
-1.42803
-2.02615
0.702119
0.00141787
0.99547
-1.56983
3.50422
0.625477
0.00141787
