2.46557
0
1.06487
0.685512
1.84312
2.11516
3.59362
1.48212
0
0.641748
0
2.40947
2.69641
0
1.24656
2.33579
0
3.11082
2.63498
3.82425
1.4617
0.876712
2.63383
3.25189
0
1.14566
0.951784
1.22481
0.976275
1.76543
2.78584
2.92871
-0.454063
0.951902
1.77703
1.00736
1.82842
1.5542
1.45633
2.49719
1.54643
2.99609
2.40648
3.80291
0.855037
0
-0.596426
4.71385
1.92699
2.16798
1.53032
1.4317
2.70851
2.83844
0
2.67023
1.22469
2.14852
1.45642
1.53863
2.94784
1.88002
1.81147
-0.302794
3.70347
1.63781
2.20234
0
0
2.66195
3.92859
2.49949
2.15472
-0.771128
3.19602
3.36463
0.738709
-0.367165
2.83427
0.894079
0.696961
1.89501
2.04384
-0.790871
1.93032
-0.660893
3.58817
2.77788
-0.774084
0
0
0
1.78222
1.9144
2.76624
0
3.32143
3.55579
-0.711087
1.48586
2.60523
1.39023
2.25429
1.70511
2.13726
2.03885
1.2247
0
3.18966
4.41093
-0.696143
3.96389
1.63416
2.07774
0.662934
0.72559
1.77105
0.800472
1.20839
2.17891
0
1.17425
0
2.1597
0.489069
1.71976
2.81861
1.17536
2.11653
3.77886
2.6745
1.52249
2.55756
1.75122
2.52859
2.46186
2.83211
-0.404788
-0.235042
1.67291
1.2843
-0.68797
2.44139
1.85546
-0.90727
1.17863
2.8435
0.981483
-0.482799
0
1.72717
3.46969
1.47117
-0.604746
1.09354
2.20882
1.95953
1.83709
1.22018
1.17977
0
0
2.43895
3.11876
3.09063
0
1.70846
-0.630108
1.87185
3.99113
-0.48665
2.24636
0.922373
3.04766
2.88707
2.60351
1.62132
1.71777
1.94146
2.2299
3.56536
3.77811
0
0
1.83783
0
1.79548
1.97622
0
-0.349736
2.73942
1.58868
0
1.86152
0
1.84309
3.75355
2.02686
2.23708
1.388
2.57399
-0.252573
0
2.51513
0
0
1.62838
2.2203
1.7133
2.89546
-0.485057
1.01283
3.02991
-0.478506
2.35418
2.92816
4.56258
-0.391291
4.76807
2.14992
2.52824
4.24411
-0.585828
2.21363
3.24303
1.66065
0
-0.827704
-0.662651
1.9026
1.08265
3.53807
2.16806
2.87678
1.82595
3.49893
1.01057
0
1.00285
3.05828
2.14199
2.59964
-0.513778
-0.676011
0.908388
1.45893
1.08467
0.902473
0
-0.32801
0.889344
2.12662
0.511024
0
1.45402
2.48555
-0.383588
0
1.97219
3.56833
2.06554
1.30173
1.71904
2.87986
3.05918
0
2.30645
0
1.30947
0
1.35372
1.42005
2.40147
-0.730167
1.07334
1.73851
1.90695
1.76238
-0.694078
1.0869
1.52805
2.24671
2.20182
0
-0.888327
1.43922
0
2.02629
0
1.29531
1.67648
2.91158
1.12453
2.3432
2.44882
3.25926
3.65338
3.41557
2.44974
4.05097
3.62638
1.90416
2.18089
2.50616
3.44107
-0.574111
2.92392
1.81495
1.77463
0
1.54831
0.905296
2.85576
1.10451
1.38519
0
1.20812
2.32835
2.94501
2.5606
1.13848
1.79332
2.29273
4.3407
1.65736
3.20854
2.42088
2.37998
1.76669
1.20304
1.49682
-0.656699
2.14017
1.65453
0
2.30534
1.75096
0.710134
1.55792
0.79489
1.50642
2.44727
-0.419741
4.20768
-0.501254
3.87361
2.73373
2.6871
2.80793
1.451
-0.47968
-0.34381
1.91964
2.91729
1.27496
0.704474
-0.448364
1.08375
0.826719
2.53893
-0.480173
3.10781
-0.302415
2.62519
1.59796
2.34868
-0.556075
-0.851909
2.09015
-0.670925
3.15466
-0.616069
1.12983
3.36055
0.801177
-0.58981
1.58994
1.08435
-0.67068
2.93886
4.25974
2.91857
0
2.22506
0
0
1.43558
1.55653
2.4342
1.94032
0
1.76381
2.08512
2.31965
1.90939
2.39824
4.1683
0
0.953724
0
2.16173
2.33499
2.82684
0.662377
1.96407
0.935709
4.26698
0
3.926
3.61559
3.22208
0
3.16043
2.74728
2.05765
3.283
3.01445
2.86727
1.92242
1.67681
2.13213
0
0
1.75306
0
1.26578
2.25367
2.4328
-0.393046
1.01794
2.46883
0
0
1.16717
1.82179
1.79301
1.90575
0.790569
0.963502
2.16033
-0.501111
2.25614
-0.342176
2.10391
1.00781
1.75898
1.67439
-0.648932
1.8532
1.18382
1.16056
0
-0.322346
0.982557
-0.58119
1.94121
2.2802
0.654474
1.92228
-0.514465
3.00989
1.15276
0
-0.742759
1.9795
1.84311
1.24501
1.18828
1.68799
2.54731
2.72107
3.18021
1.86119
-0.421362
3.09337
-0.412876
2.99858
2.43744
1.5367
-0.792622
1.45075
-0.505709
2.27651
1.64345
0.936302
2.10462
3.0538
2.86317
1.48573
1.43683
1.43429
0.734243
2.58993
0
0
0
2.39772
3.01015
1.78475
-0.424678
0
4.14547
3.47523
2.95589
1.1251
1.98558
3.29258
0
2.38642
3.11431
4.00026
4.6784
2.32186
2.12536
2.89989
0.66981
2.00643
0
0
0
0.755947
3.24479
1.39537
1.75565
-0.64648
0.868009
3.21498
-0.888753
2.17391
-0.498083
-0.628695
1.7427
1.75265
1.47234
2.07077
1.30449
0.904795
0.843818
3.40121
0
1.78668
2.5124
1.76212
2.7608
1.83156
2.49701
1.18642
1.36276
2.41504
2.70992
2.13014
2.27105
1.62288
2.87231
2.59902
2.54144
1.40927
1.30915
-0.558219
2.03019
2.10802
0
0.869519
-0.492411
2.61156
1.52175
-0.702657
0
3.30819
3.5088
3.96522
1.48609
1.18578
2.70217
2.79946
0.728216
0.942143
0
-0.728479
3.40978
2.42184
2.80745
3.74199
3.19354
1.32755
1.81157
1.03912
-0.664758
2.1641
-0.503088
-1.0172
-0.349687
0.75656
3.3913
0
3.86176
0
0
0.879226
2.24885
2.04279
2.05817
2.76391
0
0
3.19318
3.67982
0
0
0
1.87163
0
2.16625
1.06147
1.92491
1.61046
1.61127
2.32201
2.71673
1.9731
4.0812
1.05416
2.83412
1.95673
0
0.731159
0.942485
3.12941
2.58913
2.92101
0.813282
1.69101
2.56039
-0.20275
-0.415641
1.74746
2.17484
2.25638
-0.328458
4.84607
4.1805
2.78275
3.12474
3.08626
2.13131
3.01118
2.56889
1.83432
1.12453
-0.52528
1.7054
0.399886
1.42885
1.67994
0.856381
2.8141
2.25499
-0.830516
2.12402
2.25029
0
2.71273
2.51077
0.861392
0.769662
1.93988
0
0
0
2.00243
2.25081
0
0
0
0
-1.05214
0.933831
-0.649055
3.01143
1.1001
-0.538419
1.44158
2.15348
0
1.36096
2.41942
2.4562
0
2.1341
1.14804
2.5797
2.1881
1.01506
3.94196
1.35624
1.18098
4.17327
1.65124
1.03736
2.43719
1.77535
1.14534
2.60477
3.32617
2.65629
1.75226
1.16565
2.87543
-0.676278
1.34106
0.852087
2.03442
2.89587
-1.07594
0.688281
2.91699
0.89701
1.17329
-0.436474
2.523
1.19476
1.22487
-0.399968
2.28779
-0.368898
2.44757
2.49263
3.26818
0
1.253
2.55109
1.73263
3.59363
0
0
0
2.32064
2.11918
2.35452
1.91704
2.04845
3.12035
2.67904
2.98484
0.651982
0
1.19609
2.02121
2.81523
0
1.25421
3.74307
0.837439
2.30488
2.52502
-0.803082
-0.981776
4.29894
1.25064
1.43335
0.994885
2.6777
3.55356
0
1.70148
1.11183
1.30472
0.30264
-0.457336
0
-0.127551
1.13994
-0.246322
-0.555826
0.778945
2.5499
1.17769
3.15888
2.38656
0.627399
3.41566
2.38596
2.16712
1.75661
-0.716369
1.50721
2.27688
2.56701
1.20055
1.92081
-0.611636
1.04867
1.27269
-0.630141
1.4176
1.34692
0.349647
0
1.57054
0
0.904631
0
1.99222
2.16593
2.21992
1.45517
0
3.62559
1.40368
3.2234
2.11423
1.07721
2.03258
-0.645623
2.71293
0
1.85151
1.18308
2.03513
1.08637
4.22098
2.43189
0
1.88496
2.98967
0
3.28861
3.90803
1.01294
-0.909174
1.07095
-0.273534
0
1.44973
0
1.93852
-0.443945
1.47416
2.73597
2.08971
0
2.63611
1.36845
2.64489
2.01068
2.16466
-0.273133
-0.372649
0.274507
1.96765
2.51605
1.03065
1.80979
0
1.7525
0.92955
-0.70096
1.79137
3.81565
2.42559
1.13693
2.03358
2.53004
3.9041
2.4434
-0.301936
1.19299
-0.477587
0.563445
3.44248
1.58567
1.78672
1.33975
4.11081
2.03169
3.50473
0
2.77
3.17439
-0.371174
1.45607
1.99238
0.254684
1.11292
1.61202
1.46019
0
0
4.11228
-0.422461
2.27398
0.964309
2.39499
0.687738
2.26035
1.24438
3.39109
2.92303
-0.32183
1.09626
0
0
0
3.14766
1.41377
2.14361
1.85124
1.44418
1.83586
-0.390739
2.87744
2.67236
1.95428
1.35263
-0.485022
2.14832
2.25482
1.99173
3.57294
3.32838
2.58341
2.48292
2.74736
-0.799866
2.9565
1.93938
3.48602
3.00002
1.22738
1.54437
2.95568
1.49835
4.62342
3.49037
0.980239
2.02188
-0.765056
4.44726
0
0
1.72278
1.53705
2.13176
-0.348889
1.90366
-0.263267
0.739689
-0.396731
1.27583
2.06617
1.15951
3.55082
-0.4826
2.99887
0.698845
3.18543
4.67869
2.78704
3.86353
0
0
0
2.13215
0
0
0
2.80301
2.16878
-0.348945
-0.577702
-0.558532
2.4643
2.75014
1.15296
2.20062
2.28744
0.822479
1.44897
-0.370963
-0.397886
-0.595869
3.44969
2.79789
2.44683
2.11628
2.26074
-0.481117
2.74157
1.72684
2.14491
2.098
1.83153
1.27158
2.1138
1.87323
3.14564
2.32954
0
0
2.14433
1.47361
2.69864
3.12894
2.70218
3.30368
3.70203
4.78961
0.764255
0.99154
2.79383
0
1.71098
1.56588
3.69089
2.64803
1.79521
2.63257
1.48286
2.91892
2.23717
-0.748237
1.03123
1.44394
0
1.3374
1.96959
3.02578
4.79375
0
1.9045
2.17466
1.06014
0
0
0
0
0
1.61876
1.89861
-0.357042
1.94617
1.15138
1.38652
0
0
1.28564
3.63259
-0.220238
0.365012
1.97781
1.19681
0
0
0
0
0
0.75794
-0.231953
2.44224
0.415072
-0.489588
2.33776
-1.09766
2.60622
0.942799
2.2965
1.03323
0.444665
0
1.53081
1.54611
1.19736
0
0.921466
1.84417
0.674034
0.447411
3.1736
4.11552
2.80286
3.41662
1.31851
0.246942
1.39028
2.44034
1.75595
2.20619
1.64995
0.894951
1.6003
0
0
3.04351
3.15862
0.538472
3.32182
3.62562
3.04642
2.98326
1.77689
1.18928
-0.529648
3.38324
2.78846
1.80231
1.9767
0.990131
2.93636
1.33926
0
5.69932
-1.14693
3.88344
0.67953
-0.693162
0.916517
3.1196
1.52541
1.70123
1.18213
-0.259806
2.22349
2.05208
2.8339
0
2.10778
1.43488
2.10158
2.13393
1.39057
0.740277
3.18349
2.91859
-0.466411
0.727104
1.00747
1.48109
-0.131555
1.63551
1.43306
3.55966
2.12827
1.54403
2.73211
2.20474
-0.747944
1.46502
1.82186
1.58934
0
3.31949
2.74441
2.12189
1.58395
1.69591
1.75075
3.39504
1.69354
1.12868
0.718337
1.18777
2.54389
1.5399
2.38498
4.12042
2.71752
3.58711
4.18787
4.16232
2.16163
2.75267
0
4.04724
2.81604
4.05556
2.85993
1.61447
1.27515
1.54848
1.16409
1.51406
1.76129
0.326812
1.99544
0.51784
1.6948
0
0
0
1.55288
1.82652
3.58555
-0.272496
2.19146
1.7418
3.58167
0
0
2.78636
2.06077
1.40063
0
2.68314
1.74443
4.38343
-0.591774
2.56719
2.17672
3.87025
4.15135
-0.458819
0.413138
1.67193
1.36888
4.38911
0.737057
1.73968
1.38102
1.45614
2.48911
0.876132
3.19399
1.7855
2.45167
1.64262
0.816869
0
3.61214
2.99286
2.61423
2.76669
2.45259
-0.395666
0.947803
3.11686
2.09207
1.82324
2.25103
3.48587
0
0
0.95463
1.93069
2.46863
1.91887
1.18746
-0.665921
1.60643
3.52273
3.23365
1.76313
-0.180526
1.73457
2.19278
1.03164
1.76272
2.42873
1.67151
2.38711
2.13076
0.511524
2.1422
1.2981
1.6093
3.99481
0
0
0
1.47374
2.59919
1.11511
1.21285
2.33076
1.53675
2.31496
1.47168
0.213572
0.642324
-0.30531
2.14829
1.46056
2.24178
1.04848
2.82694
3.10209
-0.948159
2.96758
-0.524265
4.21552
2.68487
1.23104
2.76706
4.20462
1.86895
1.85565
1.04488
1.61199
0.979346
3.67705
-0.489429
2.61335
3.64128
0
3.30899
1.87536
2.41913
-0.808715
1.4552
3.08755
-0.451032
4.18745
2.45974
-0.64334
3.38782
4.20961
1.29277
1.39639
-0.41983
-0.617232
2.29014
2.98731
1.67421
3.4724
1.84687
2.77687
-0.71977
1.60526
-0.491316
2.15582
2.09525
2.41713
2.56571
2.99546
2.20959
4.07984
2.54788
0
0
0
3.09382
2.0235
2.06636
-0.569342
2.74219
1.62083
0
0
1.62864
2.17363
0.938068
3.33555
-0.465664
3.15753
1.29433
3.66738
1.22116
3.0007
0.471035
1.67737
1.58395
2.99951
2.98766
3.59226
2.89531
-0.547333
1.64918
1.99333
2.38291
3.25128
-0.85696
2.41359
1.68431
2.50042
1.17515
2.37336
0.548542
2.07126
1.90448
2.08191
0.837289
1.19382
1.85268
