3.34609
5.18124
3.57674
3.88484
4.61466
3.34701
3.57674
2.7333
3.37811
3.75936
4.29859
3.57674
3.79637
3.56814
3.69229
3.57674
3.52244
3.19542
2.74065
3.0263
3.08858
3.60985
2.67262
3.17553
3.53396
3.57674
3.57674
4.75291
3.50216
3.6326
3.57674
4.18218
2.08501
3.55371
1.90525
3.01717
3.48685
3.95634
3.57674
3.61193
4.49808
3.74851
2.47395
4.07088
3.31143
3.57674
4.17436
2.98158
3.22017
4.36726
2.68358
3.57674
3.04172
3.80817
3.2984
2.74454
3.05948
3.84164
2.89312
3.57674
3.59371
5.27384
3.9583
2.8635
3.57674
3.31165
4.28358
3.02153
2.92733
3.74422
4.31942
4.1346
2.81253
4.37178
3.28529
4.12546
3.7744
4.23382
3.94009
4.30916
2.59947
3.1095
3.07798
2.66658
3.17172
3.57674
3.93601
3.57674
2.29255
4.38124
3.57674
4.19572
4.17768
2.62526
1.59846
3.97144
3.57674
3.57674
3.20277
1.70129
3.57674
2.35243
4.18054
2.47886
2.58651
4.0568
3.78993
4.29114
3.48097
3.44765
2.98487
2.82728
4.52883
3.82603
3.91397
3.56702
3.52741
3.57674
4.02124
2.28515
3.57674
3.51687
2.57091
4.38428
2.41271
3.57674
4.05101
3.57674
3.42767
2.71025
2.46016
3.54176
1.37706
4.41465
3.98051
3.81571
3.76643
1.84261
2.33487
3.36019
3.8987
3.60237
3.59113
1.19836
4.87968
4.04865
4.58824
3.57674
3.92063
2.79951
3.57674
3.70793
3.52466
2.83973
4.64653
3.57674
3.33155
3.79929
2.75446
2.78211
2.54165
3.57674
3.59877
4.23452
4.73642
2.51901
4.00303
3.78483
3.94935
3.52688
3.3696
3.13962
5.48967
4.33087
5.32269
3.37107
3.74202
3.57674
3.57674
3.20602
3.34509
2.97104
3.49508
2.88468
4.81825
4.45932
3.83891
2.99226
3.27217
3.57674
3.6193
2.23066
3.34985
3.25623
3.47909
2.89985
2.59704
2.3559
2.30956
3.66537
4.19757
3.21177
3.50756
4.60427
2.86734
3.31374
3.07798
3.95423
3.29733
2.97624
3.21734
3.46306
3.26468
3.63204
3.99533
3.42425
4.10921
3.74744
4.56766
3.01353
3.76029
3.69527
2.4343
3.57674
3.49439
3.13149
4.45596
3.39126
3.57674
1.38447
3.34684
3.23979
1.8662
3.32064
2.98272
3.62983
3.57044
2.93481
4.30663
3.92924
3.28651
3.10467
4.09941
3.41153
3.57674
3.82093
2.01301
3.64479
3.05672
3.08109
3.65277
4.40366
2.695
3.35892
3.57674
2.59867
3.10551
3.93632
4.52892
3.57674
3.7509
3.52536
3.2492
4.04373
4.00484
4.68461
3.81301
3.85901
3.57674
3.57674
4.68082
2.19308
3.69507
3.55133
3.25208
3.90565
4.31987
1.90625
3.1304
3.34524
3.57674
2.41978
3.02021
4.61147
4.61348
4.44197
3.46123
3.07494
3.39289
4.18059
3.71882
3.57674
4.18573
3.54465
2.08745
1.76623
3.4346
3.6657
3.57674
3.83254
2.5496
2.87881
3.45495
4.04697
3.29197
3.57674
2.99738
2.80052
3.65265
3.21991
3.8798
2.94804
4.19497
1.59357
4.2972
4.25568
3.0152
3.97037
3.7381
2.67367
2.80386
4.60049
3.7152
3.96513
3.18312
3.91383
3.54517
3.58576
2.56989
2.40867
3.35059
4.12916
2.73311
3.03363
2.99704
3.57674
2.15527
3.09793
3.54604
4.25589
3.89053
2.87956
3.57674
3.57674
2.97437
5.32693
3.04771
3.57674
3.83714
4.01768
3.76617
4.118
4.31194
4.67775
3.57674
3.43835
4.46113
2.80088
3.41856
3.40435
3.73812
2.20389
3.5986
3.01006
3.42383
3.42251
3.52216
3.28611
3.51994
3.57674
3.57674
3.25641
4.23069
2.95159
2.54786
3.49257
4.79865
2.50508
4.32143
3.49557
4.41054
3.32575
3.50629
3.98429
3.19458
1.70041
2.92335
3.57674
3.47425
3.57674
3.57674
4.30385
2.23476
2.16147
3.34865
3.6526
3.68739
3.86559
3.57674
3.40136
3.48625
3.60161
3.57674
3.57674
3.16929
2.1289
3.84967
4.51523
3.69716
2.71215
3.35591
2.59581
3.74953
5.12398
3.26248
4.57303
4.29121
3.5984
3.94765
3.59197
2.86718
4.31752
5.05326
5.37881
3.91706
3.57674
4.15146
3.31601
2.53189
3.88346
3.82955
3.57674
3.943
3.90348
2.44899
4.35602
3.34339
4.01633
3.98185
2.29633
3.16704
3.78322
3.23458
2.55463
2.71388
3.57223
3.8174
4.11132
3.31856
4.77745
3.39588
3.31639
2.77922
3.35514
3.31169
3.41604
3.23801
2.42804
3.57674
2.09359
3.26779
2.04549
3.46773
3.97086
2.90029
2.52575
3.42117
3.77724
3.57674
3.61778
3.87385
2.43547
3.57674
2.86737
3.57674
3.57674
3.08875
4.92523
3.29706
2.41859
2.58857
4.32088
3.30628
3.37937
4.90262
3.57674
3.14963
3.51267
3.65387
3.19901
2.526
2.01216
4.74343
3.49541
4.15587
3.90254
3.86488
2.95897
2.85177
3.19466
3.57674
3.57674
3.42408
3.57674
3.39967
3.57674
3.8854
4.16852
3.24566
4.25923
3.57354
4.0617
3.55895
4.02728
2.93549
2.8852
2.31131
4.48607
3.05797
2.28859
3.84611
4.3101
4.01157
3.88765
3.1497
3.59524
4.43485
2.95163
1.73836
3.55079
3.60478
3.85468
3.99473
1.81598
4.59928
4.5187
3.36234
2.00738
3.57674
3.04608
3.52276
3.83088
2.96091
4.02631
1.72846
4.17175
3.98469
1.8831
2.69517
3.25473
3.57674
3.79057
3.57674
2.93252
3.99921
3.34713
4.05426
3.75117
4.38713
3.73848
3.23767
2.77343
3.55198
4.08919
1.86995
3.93645
3.95532
3.41391
5.0914
2.47681
3.70585
2.54659
3.7239
3.74698
4.21027
1.89176
2.94336
2.94397
3.80608
3.47294
3.57674
2.72286
4.73725
3.57333
2.97814
2.16437
3.42709
3.31712
3.81137
2.74774
3.47063
4.63686
3.25724
2.46564
2.48013
4.32122
3.83748
3.34312
3.89163
3.79347
3.04964
3.57674
2.76222
2.35715
3.67571
3.2299
3.78092
3.57674
4.66659
2.38186
4.37692
4.19366
3.32882
3.51657
0.84312
3.58916
4.3894
3.09336
3.36023
3.57078
3.74316
2.55715
3.30864
3.37406
3.99041
3.08254
3.47839
2.64253
3.57674
3.56954
1.88476
1.91475
4.31691
2.1937
2.92549
3.33213
4.17861
3.98153
4.6721
3.96391
4.4353
3.27287
1.70843
2.40597
3.57674
3.10669
4.01978
4.81964
4.27103
3.91173
3.57674
3.82475
3.86492
3.57674
1.70992
3.80047
2.80251
3.36052
3.57674
2.23371
3.57674
2.69946
4.92429
3.28879
4.39902
4.40495
1.77601
3.54858
3.68547
3.19506
2.67098
4.21382
4.19695
2.416
2.97061
4.4619
5.0265
1.78547
3.22276
1.26983
3.57674
3.97608
2.87641
4.80888
2.81706
3.99559
3.36414
3.26869
4.56488
4.05245
2.47241
2.20571
4.84238
2.48894
2.95001
3.57674
3.12448
3.35182
3.57674
3.09665
4.16138
3.77465
2.4382
4.92901
3.24327
2.90506
3.08736
4.21193
2.67085
3.94725
4.00849
3.23279
3.9723
3.61904
2.54741
3.38989
3.41463
4.47308
3.48785
3.77721
2.90845
3.78008
4.06298
3.96936
3.56686
4.25091
4.38095
3.78536
4.53295
4.484
3.57674
3.35718
2.96039
2.99091
3.02127
3.51377
3.11996
4.02121
3.57674
4.61547
3.46741
3.55544
3.57674
2.61389
3.49073
2.89826
2.80728
2.72045
2.69146
3.16284
2.75985
3.20579
3.13752
2.90756
3.57674
2.88934
3.72679
3.10583
4.90925
3.49699
3.38378
3.57674
3.40064
3.57674
4.54989
4.15306
3.95936
3.57674
2.68378
4.32174
4.05719
3.57674
3.74524
3.81371
3.56767
3.30305
3.57674
4.79243
2.18374
4.44668
3.57674
4.60464
4.18316
3.2278
3.7827
4.63139
2.91464
4.07422
2.68573
3.84488
2.87309
3.82988
2.79915
4.26873
